extrinsic
0.9995679 -0.0021118452 0.029315405 0.0
0.0018913327 0.99996966 0.0075477595 0.0
-0.029330458 -0.0074890535 0.99954164 0.0
0.0 0.0 0.0 1.0

intrinsic
313.5029296875 0 256.0
0 313.5029296875 144.0
0 0 1
