extrinsic
0.9999543 0.008837008 0.0036462618 0.0
-0.008829827 0.99995905 -0.0019805906 0.0
-0.003663615 0.0019483044 0.99999136 0.0
0.0 0.0 0.0 1.0

intrinsic
312.87762451171875 0 256.0
0 312.87762451171875 144.0
0 0 1
