extrinsic
0.99999875 -0.0014780217 -0.0004759228 0.0
0.001476807 0.99999565 -0.0025427483 0.0
0.000479679 0.0025420424 0.9999966 0.0
0.0 0.0 0.0 1.0

intrinsic
315.0122375488281 0 256.0
0 315.0122375488281 144.0
0 0 1
